m_X = -18.325000
m_Y = 580.500000
a = 2.230020
b = 621.365122
dY = 12.969423
dA = 0.059764
dB = 5.882238

24.7    692
1.000   628
-196.0  179
97.000  823s